ब ु --> 1612 1739 1904 1905 1906 1907 1908 1909 1910 1911 1911 1912 1913 1914 1915 1916 1917 1918 1919 1920 1932 
line is -->ब व --> 1277 1872 
line is -->व ा --> 1 3 112 114 163 164 224 225 232 340 345 346 465 541 544 578 587 636 639 739 843 900 978 982 983 984 985 986 987 988 1019 1090 1144 1282 1293 1307 1334 1335 1370 1394 1472 1473 1474 1507 1517 1560 1568 1577 1633 1651 1766 1813 1831 1931 1977 2042 2043 2103 2147 2265 2266 2267 2302 2338 2352 2503 2504 2505 2506 2507 2508 2509 2510 2511 2512 2513 2514 2515 2525 2539 2540 2541 2550 2573 2603 2612 2636 2637 2703 2731 2732 2733 2798 2823 2847 2867 2894 2895 2896 2897 2939 2944 2945 2988 2993 2994 
line is -->व य --> 832 1997 2566 2567 2893 
line is -->य ा --> 44 96 169 182 207 240 245 335 399 444 470 486 499 527 528 559 624 629 679
Words after bigram check
अंकवार
अत्याचार
अभियान
निर्वाण
निर्विवाद
निवास
नौवां
न्यायाधीश
न्यायिक
पंहुचनेवाले
पटरियां
पराया
परिवार
बुदबुदाए
बुद्घिमान
बुद्ध
बुद्धिमानी
बुनना
बुनियादी
बुरा
बुराई
बुलाया
बुहार