5169698 4
34354 3
5169698 4
5093206 4
34354 3
262 2
159638307671371706 9
10062634 4
695130802 5
8633755214665606 8
47422 3
53654 3
24742 3
6615898 4
298 2
57514 3
57514 3
57514 3
23482 3
405809906 5
5442986 4
4073458 4
4073458 4
5559662 4
25862 3
26666 3
26666 3
26666 3
4195406 4
411275131289254 8
2713966 4
1407622 4
13114 3
13114 3
13114 3
2355118 4
2418646 4
376774 4
40994 3
303396182 5
1222135582 5
262 2
34322 3
762990374 5
16166 3
7247182 4
1578975226 5
17582 3
3393326 4
648125266 5
3393326 4
117942176866 6
241699754 5
57514 3
782451746 5
39562 3
49226 3
10877738 4
10898878 4
41374 3
176910520954 6
60098 3
12271166 4
8253962 4
1136903462 5
13930354 4
17818 3
2334158 4
18422 3
8101754 4
45602 3
57682 3
326 2
49226 3
7433126 4
1211599538 5
49226 3
49226 3
1211599538 5
9374782 4
9374782 4
13557331614518 7
1795204738 5
1795204738 5
34637683538 6
47504537114 6
12520682 4
272175388582 6
346 2
9570706 4
1904570494 5
14306062 4
7081598 4
1366748414 5
1868839118 5
10325078 4
359052878 5
16599386 4
358 2
72038 3
47422 3
69866 3
4122094 4
66778 3
386 2
34354 3
5187454 4
101796386674 6
398 2
623423618 5
26666 3
190996051646 6
90346 3
90346 3
90346 3
398 2
10658198180374 7
11478482 4
67646 3
27022 3
18137258 4
14589994 4
2080983994 5
103844079475298 7
2031140066 5
12126638 4
3 1
447 2
177 2
177 2
183 2
4475091 4
12530433 4
142684040571 6
13923213 4
717 2
465 3
133635 4
21 2
2163 3
3171 3
958629 4
3399 3
93 2
6231 3
34161 3
1042696203 5
40533 3
35319 3
35319 3
402177453 5
35319 3
201 2
38793 3
201 2
5809107 4
267 2
3134847 4
2063643 4
267 2
37113 3
26967 3
9427083 4
139739307501 6
393 2
393 2
393 2
71133 3
428936329113 6
71133 3
54627 3
75477 3
80481 3
18430149 4
417 2
82983 3
417 2
95493 3
447 2
447 2
447 2
119438068773 6
62967 3
453 2
453 2
489 2
28851 3
28851 3
28851 3
28851 3
8391729 4
6653810315829 7
67971 3
829668207 5
6519837 4
116871 3
116871 3
12363387 4
489 2
11354163 4
72141 3
128343 3
543 2
104799 3
543 2
573 2
573 2
3489414717 5
38391 3
6680607 4
469611267 5
441778737 5
2103507 5
104799 3
94377 3
94377 3
94377 3
59637 3
4680057 4
110589 3
108057 3
962679813 5
230217995811 6
60609 3
60609 3
45627 3
155949 3
40533 3
1256523 4
32289 3
40533 3
4183643823 5
2000665599 5
1221588408759009 8
23998971 4
17369421 4
27932169 4
19596327 4
25046961 4
136947 3
5 1
56935 3
15266285 4
15718345 4
104095 3
10551395 4
11250935 4
134135 3
134135 3
134135 3
16201385 4
180445 3
199565 3
12677755 4
445 2
5188255 4
74315 3
98905 3
98905 3
98905 3
37727345 4
143785 3
755 2
8597185 4
44545 3
44545 3
136655 3
194609100107215 7
181955 3
181955 3
21111305 4
163805 3
6227505005 5
134135 3
58705 3
88555 3
176216500945 6
220985 3
67555 3
1195 2
70505 3
70505 3
70505 3
180445 3
37593505 4
216295 3
7371955 4
45420755 4
285605 3
1195 2
7371955 4
1195 2
5638594355 5
43042705 4
47719205 4
6507019897 5
142241 3
113839 3
68651 3
181687 3
181687 3
194821 3
13402499 4
1177 2
182435 4
36487 3
154187 3
1177 2
1199 2
1199 2
41995063 4
36432803 4
242241707147 6
242241707147 6
4929959287 5
3865939297 5
3865939297 5
365431 3
43969453 4
19566613 4
316327 3
1661 2
97999 3
97999 3
97999 3
97999 3
52253399 4
300641 3
396979 3
400301 3
400301 3
400301 3
60445451 4
1793 2
12359147207 5
22945021 4
22945021 4
9197414039 5
1756706081449 6
97275629 4
701467990289 6
380017 3
384263 3
50091569 4
2194561729459 6
2194561729459 6
384263 3
3151340863 5
396209 3
2629 2
155111 3
155111 3
155111 3
155111 3
55180081 4
396979 3
82705711 4
475849 3
628331 3
2629 2
2629 2
793 2
980785 4
1027 2
1027 2
328679 3
223301 3
31 1
355420115 5
1829 2
20157409 4
46242607 4
46015811 4
38388881 4
239599 3
188387 3
1416425525287 6
3286657286831 6
2759 2
659401 3
62994697 4
69755797 4
56916279 6
60391785751 6
628598238089 6
15817099 4
80405537 4
22931203223 5
77043091 4
62947143 6
3370227 5
914593 3
5611 2
1341029 3
352997 3
635407 3
7037 2
7409 2
3697699735871 6
1111813 3
8843 2
8843 2
8843 2
853579 3
1194863 3
44600651201 5
6847 2
1636433 3
166465781 4
1773619 3
47 1
716609 3
7097 2
77506337 4
299733053 4
9071 2
2254073 3
48131220769 5
11327 2
7897 2
5562254441 5
10229 2
1339999 3
12115756259 5
3481 2
4189 2
1452167 3
2031193 3
2031193 3
1452403 3
413 2
811073 3
83273131 4
953263 3
379429 3
6431 2
6431 2
1058873 3
8201 2
1484381 3
1336763 3
49941867529 5
971081 3
3507116735093 6
10207 2
78889903 4
2031193 3
908423 3
10561 2
10679 2
2061047 3
74753 3
121601773 4
10679 2
628355386439279 7
11387 2
671833 3
1491697 3
1491697 3
195412307 4
1491697 3
1719437 3
1719437 3
1719437 3
77672127601 5
11387 2
79709 3
9918077 4
129663769 4
2174917 3
2174917 3
2197691 3
60065092721 5
4395382 4
419758981 4
1969951 3
11387 2
762929 3
762929 3
1241183 3
11387 2
10449018649 5
11741 2
133694767 4
288981233 4
3243033963119 6
471979763 4
471979763 4
14101 2
14219 2
161911753 4
1862689 3
1862689 3
1862689 3
2147069 3
2147069 3
14219 2
14219 2
410090179 4
2147069 3
422830403 4
2715829 3
14219 2
14219 2
14219 2
14219 2
14219 2
1969951 3
1582793 3
59 1
182340031 4
6431 2
454489331 4
50001878081 5
2693291 3
3481 2
917627 3
1582793 3
355584917 4
1345259 3
8909 2
9853 2
10207 2
10679 2
56075429 4
1612529 3
352866197 4
352866197 4
10679 2
1566391 3
10340738663 5
2039689 3
11387 2
1446149 3
1446149 3
10282265929303 6
147245297 4
2174917 3
3145254044633 6
4482606158099 6
118983184319 5
99113142607 5
2174917 3
3492130999 5
11741 2
11741 2
17049892747 5
59 1
3953 2
7729 2
1829 2
762929 3
1167079 3
1167079 3
1167079 3
8909 2
1719437 3
1719437 3
11269 2
899573 3
1446149 3
1446149 3
1856081 3
786647 3
11741 2
19381577774803 6
14101 2
831959 3
2129251 3
2129251 3
2129251 3
14101 2
2552281 3
59 1
1398949 3
1398949 3
1398949 3
237203423 4
827003 3
2031193 3
4897 2
386863 3
2061047 3
79709 3
1491697 3
11741 2
739146277 4
1769941 3
2744267 3
8201 2
11741 2
13747 2
59 1
1582793 3
302313463 4
855913 3
2665207 3
811073 3
14101 2
9617 2
8201 2
158749471 4
419758981 4
14101 2
14101 2
182340031 4
182340031 4
34826945921 5
12387015005507 6
7777156213 5
1044949 3
59 1
413 2
60968833363 5
8909 2
23134472477 5
11387 2
1172861 3
3094019 3
8791 2
8791 2
8909 2
11387 2
11269 2
11269 2
664871 3
10305235 4
13355368207 5
2174917 3
2197691 3
2806099 3
692719 3
790187 3
325955117 4
347565401 4
10966731097753 6
66384991591 5
347565401 4
13393 2
724741 3
6649 2
6649 2
6649 2
6649 2
6649 2
7991 2
1446371 3
13740021067 5
1542263 3
1446371 3
71191819 4
1390861 3
1390861 3
1302533 3
2036729 3
2036729 3
2036729 3
247103497 4
1636447 3
1636447 3
109641949 4
930067 3
1670363 3
1542263 3
2036729 3
2036729 3
2027213 3
75712163 4
694607 3
6283 2
8479 2
1619489 3
9211 2
289768849 4
9211 2
9211 2
9211 2
9943 2
187685959 4
1047797 3
14579 2
14579 2
525271 3
1382443 3
1323151 3
2027213 3
4819 2
8479 2
1777723 3
374746363 4
1590209 3
13969 2
13969 2
9211 2
63767948261 5
7991 2
7991 2
12139 2
1590209 3
1832989 3
12139 2
11773 2
138226793 4
1590209 3
10187 2
90755983 4
61 1
106463 3
4489 2
9313 2
2314649 3
469 2
469 2
2077 2
1082519 3
939139 3
1760023 3
52997 3
991801 3
1824611 3
781153 3
399976667 4
1527667 3
1527667 3
1263419 3
12127 2
12797 2
12797 2
12797 2
2237063 3
1746623 3
81024641 4
491494379 4
491494379 4
13333 2
13333 2
1746623 3
85544526191 5
3665369 3
3116371 3
3116371 3
420936143 4
15209 2
893311 3
5963 2
9983 2
15209 2
2226611 3
12797 2
2213881 3
1409479 3
2546603 3
1932347 3
12931 2
147245297 4
1693961 3
1952581 3
54598056991 5
54598056991 5
12931 2
1952581 3
302339711 4
866377 3
2013283 3
8777 2
1150859 3
150762529 4
150762529 4
1150859 3
1150859 3
1150859 3
150762529 4
420961 3
8509 2
8509 2
1202449 3
12931 2
384529147 4
306606941 4
2413273 3
3827107 3
3827107 3
3116371 3
893311 3
16147 2
2050669 3
69205832089 5
6901 2
12127 2
10921 2
813313 3
2237063 3
2546603 3
13333 2
445175537 4
2114051 3
426942827 4
12931 2
58317995347 5
2935337 3
2159477 3
297244897 4
4163261178113 6
183865889 4
1409479 3
104656490189 5
459015191 4
7313 2
1104263 3
7195219798391 6
10721 2
440493727 4
13703 2
2726897 3
16969 2
12851 2
2698639 3
2698639 3
13703 2
12851 2
1683481 3
1940501 3
13703 2
329516041 4
7597 2
7597 2
14129 2
65129791 4
162696629 4
53074807 4
899573 3
9399671561201 6
136612093 4
5866777 4
8927 2
1169437 3
8927 2
1326331 3
417691249 4
14299 2
12911752043831 6
2302297 3
834117629 4
3644033 3
1204513 3
15721 2
31400449397 5
2059451 3
26772863 4
2059451 3
2059451 3
15721 2
110047 3
110047 3
2373871 3
3002711 3
2494109 3
18881 2
13667 2
15089 2
15247 2
15247 2
15247 2
32007158021 5
3757319 3
216797093 4
2494109 3
2494109 3
2494109 3
590209 3
3636449 3
19039 2
19039 2
10349 2
4819 2
759743 3
21899353 4
7031 2
7031 2
11929 2
13193 2
15247 2
173617589 4
1997357 3
4661 2
4661 2
4661 2
1713589 3
2707883 3
2707883 3
11929 2
1562699 3
14141 2
1852471 3
2135291 3
1113979 3
79592709587 5
3674527 3
3674527 3
165989408171 5
371385557 4
13862708686139 6
11929 2
2373871 3
8137 2
15247 2
15721 2
10823 2
2271803 3
3674527 3
3674527 3
2874889 3
79 1
1290899 3
13529 2
2494067 3
2053669 3
18841 2
20003 2
83 1
2098489 3
98628983 4
13529 2
13529 2
2494067 3
172391 3
97347463 4
12533 2
81848209 4
456876737 4
8549 2
8549 2
9047 2
103018189 4
1366097 3
9047 2
16019 2
83 1
15853 2
5963 2
1528753 3
572359 3
781153 3
1437083 3
900413 3
1370333 3
9701 2
9701 2
9701 2
5126741931859 6
13439 2
1760509 3
192164261 4
13439 2
15397 2
908423 3
119003413 4
16109 2
183433183 4
16109 2
2110279 3
318652129 4
2432459 3
2432459 3
2432459 3
403063289 4
3205691 3
534771541 4
532487 3
3315161 3
434286091 4
434286091 4
2387603 3
17711 2
2674361 3
123977 3
201675157 4
152811269573 5
2461829 3
37904781113 5
2461829 3
20203 2
3050653 3
3050653 3
3050653 3
3495119 3
3495119 3
3899179 3
4139657 3
21449 2
89 1
7031 2
2759 2
2759 2
184853 3
184853 3
184853 3
184853 3
4183 2
1013443 3
9701 2
11659 2
11659 2
2226869 3
11659 2
11659 2
13439 2
153029893 4
29228709563 5
153029893 4
153029893 4
1760509 3
1760509 3
2029289 3
588776029 4
13439 2
13439 2
13439 2
607079947 4
16109 2
1512911 3
16999 2
17177 2
158311687 4
828857 3
12371 2
1760509 3
1760509 3
12371 2
792901 3
3238799 3
78220261883 5
78220261883 5
17711 2
30049598393 5
17711 2
17711 2
21271 2
1254989 3
1254989 3
1254989 3
1254989 3
3211921 3
669164389 4
3850051 3
3850051 3
5083769 3
21271 2
89 1
11659 2
11659 2
11659 2
20203 2
3050653 3
781153 3
649967 3
9701 2
9701 2
9701 2
12371 2
2029289 3
123977 3
33679751219 5
89 1
11659 2
13439 2
89 1
89688485933 5
14507 2
15397 2
17711 2
21271 2
21271 2
21271 2
15397 2
89 1
9701 2
1270831 3
9701 2
9701 2
417177799 4
417177799 4
17177 2
20381 2
89 1
1357339 3
2362861 3
2226869 3
1494759911082923 7
3495119 3
15253265 4
16109 2
589469 3
5723 2
10573 2
1596523 3
10573 2
5723 2
153644791 4
29113928603 5
15553 2
20497 2
24617 2
10555955 4
6077 2
6077 2
796087 3
66381875999 5
347549089 4
103 1
18643 2
23381 2
6077 2
10609 2
10609 2
796087 3
11639 2
16789 2
3545981 3
516872849 4
24617 2
2535551 3
403237481 4
1570441 3
15553 2
16789 2
15394818489437 6
3756077413 5
2166811 3
14910305356231 6
192846179 4
464790899 4
2408243 3
6313 2
6313 2
6313 2
6431 2
11881 2
21037 2
2755847 3
2755847 3
3176587 3
3176587 3
143495964551 5
21037 2
721085249 4
21037 2
21037 2
4142981 3
26051 2
109 1
6431 2
21691 2
246995417 4
2841521 3
3275341 3
21691 2
672421 3
4142981 3
21691 2
1413581215 5
198841397 4
3176587 3
152947947947 5
950304401 4
11227 2
4018067 3
127841849 4
127841849 4
16459 2
569135761 4
1409479 3
6667 2
1006717 3
22487 2
2464417 3
22487 2
7729 2
68857661 4
38967600731 5
256857857 4
956693 3
2327477 3
30424582451 5
17947 2
3427877 3
225246247 4
4490287 3
4767221 3
22663 2
1337117 3
1337117 3
175162327 4
626881243 4
567050923 4
23449 2
4291691 3
4718489 3
25021 2
176981 3
258063581 4
3210941 3
6093203 3
1491697 3
2250187 3
5969801 3
782043931 4
5969801 3
1590209 3
1371678599 4
1371678599 4
4135801 3
370675111 4
44358593689 5
7729 2
11659 2
435195493 4
19781 2
35272942493 5
1542263 3
4222261 3
25283 2
4509937 3
4718489 3
19781 2
19781 2
3463771 3
12707 2
23711 2
1398949 3
4291691 3
5666929 3
1102869743 4
3312073 3
3936419 3
131 1
131 1
41261830717 5
11659 2
25283 2
25283 2
4829053 3
4829053 3
25283 2
131 1
14279 2
162594973 4
2156129 3
2156129 3
131 1
25283 2
1163801773 4
791585447 4
839926543 4
797754499 4
8083 2
24249 3
24797 2
137 1
20687 2
3744347 3
137 1
137 1
137 1
8083 2
14933 2
14933 2
139 1
9313 2
8893915 4
9313 2
56529484799 5
20873848091 5
3505163 3
586894279 4
11278043 4
5458669 3
25159 2
26827 2
2551837894 5
895726703 4
541985881 4
26827 2
2387603 3
3728953 3
3728953 3
362459597 4
362459597 4
927650833 4
3514337 3
27661 2
27661 2
30133115 4
1878029 3
987892877 4
839926543 4
1004936501 4
1687321 3
9313 2
24047 2
25159 2
3799009 3
3497101 3
3799009 3
25159 2
4133443 3
31553 2
1211856071 4
31553 2
4309 2
8479 2
8479 2
59353 3
1110749 3
1280329 3
1619489 3
20989 2
20989 2
1685653 3
1685653 3
26549 2
27661 2
85129576583 5
27661 2
57451897 4
314975807 4
5283251 3
4508743 3
27661 2
5504539 3
31831 2
1109215969 4
139 1
4764503 3
6089729 3
1238351 3
8479 2
11861688571 5
1406263 3
4008899 3
29624063501 5
955604567 4
4701397 3
9313 2
26827 2
853930237 4
6411653 3
6411653 3
6411653 3
6411653 3
3335861 3
139 1
139 1
9313 2
1582793 3
8479 2
96550373 4
1110749 3
1110749 3
1280329 3
8479 2
8479 2
9313 2
18209 2
18209 2
18209 2
20989 2
20989 2
20989 2
948136097 4
26827 2
31553 2
31831 2
351446071 4
31831 2
33221 2
135700328623 5
14317 2
139 1
20989 2
1053845041 4
4641071 3
6185917 3
32387 2
4351951 3
4351951 3
172524437 4
1984781 3
26827 2
26827 2
4050877 3
26827 2
139 1
6089729 3
22201 2
229172579 4
518669 3
144691069 4
22499 2
1591171 3
3767167 3
276556069 4
28757 2
307096003 4
28757 2
447 2
1670235317 4
447 2
22499 2
24287 2
26969 2
22499 2
4297309 3
151 1
5041739 3
1057 2
4681 2
80930701259 5
80930701259 5
2593727 3
2593727 3
2593727 3
2709997 3
637561411 4
1612529 3
912554759 4
28841 2
709863533 4
781819261 4
6673747 3
34579 2
34579 2
1371706801 4
36391 2
36391 2
151 1
53282795747 5
214234723 4
1952581 3
1801279 3
19781 2
348297959 4
1594711 3
27331 2
173779709 4
1772891 3
20187909817 5
232248721 4
267706541 4
1772891 3
338622181 4
1772891 3
1772891 3
118783697 4
1772891 3
1772891 3
20187909817 5
267706541 4
1772891 3
1772891 3
1772891 3
118783697 4
1831177 3
294839731 4
2438197 3
2373871 3
2373871 3
2986931 3
5220221 3
736822469 4
6673747 3
840163547 4
208737640933 5
8192203 3
7849433 3
5221429 3
5221429 3
80394342313 5
80394342313 5
5221429 3
357858071 4
4767221 3
11929 2
19781 2
3778171 3
4529849 3
22801 2
321516901 4
250878710363 5
51581390563 5
151 1
219312853 4
2302297 3
19781 2
929707 3
588227597 4
1167079 3
22801 2
22801 2
22801 2
510229 3
15553 2
259634987 4
328412467 4
1719437 3
1093513159 4
34277 2
187959998351 5
325009229 4
62726781197 5
351941287 4
322195417 4
322195417 4
2509711 3
1581263 3
3103357 3
21168379809911 6
9617 2
11936456911 5
9617 2
567403 3
2240761 3
1918999 3
316941601 4
3077603 3
243130637 4
618892907 4
3240277 3
3341011 3
17767 2
2327477 3
2327477 3
17767 2
17767 2
17767 2
1190389 3
4246313 3
2412889 3
2781269 3
21353 2
21353 2
564594673 4
3224303 3
46927295923 5
22657 2
1336763 3
7342287075881 6
268798573 4
31459 2
723148033 4
366780481 4
6008669 3
474684851 4
422777501 4
191261942939 5
4687391 3
2503265583421 6
27263168175469 6
27263168175469 6
1378250249 4
251661209563 5
31459 2
1087820761 4
1087820761 4
225929446349 5
32437 2
1913783 3
146373032921 5
6454963 3
5415023 3
468606907 4
61387504817 5
468606907 4
5931733 3
777057023 4
7581619 3
267954174809 5
7817317 3
7817317 3
7817317 3
4281847 3
4281847 3
4281847 3
3103357 3
406539767 4
3103357 3
468606907 4
3103357 3
163 1
12877 2
2923079 3
5053 2
5053 2
1856081 3
45465896603 5
3341011 3
17441 2
21353 2
21353 2
21353 2
24613 2
24613 2
26569 2
31133 2
31459 2
3240277 3
3240277 3
38957 2
90139 3
2692271 3
2692271 3
577994903 4
21353 2
1900417 3
931439213 4
1015570033 4
914593 3
13529 2
13529 2
2199359 3
16789 2
2327477 3
2327477 3
2327477 3
2327477 3
2327477 3
3518029 3
21353 2
24613 2
22556103 4
97311 3
243146611 4
257718514177 5
4750309 3
4750309 3
4750309 3
7329947 3
7752443 3
3051826533073811 7
13529 2
147100817 4
1772299 3
13529 2
13529 2
13529 2
14507 2
31459 2
31459 2
31459 2
7141193 3
205359287101 5
5069137 3
131661533447 5
16789 2
17767 2
17767 2
5127817 3
37327 2
1015570033 4
22657 2
31459 2
31459 2
38957 2
2613210614157749 7
24287 2
24287 2
2770837 3
6008669 3
6008669 3
191176343 4
358223633 4
425042549 4
479655373 4
906931511 4
4121129 3
8963113521293 6
86498376581 5
2757252744129427 7
13916174832523 6
745924349 4
4616844973280921 7
5562550971665314141 10
180254061331 5
1001371429 4
707796041 4
3239032522133143 7
945311491 4
167453834657 5
347338819 4
1436071891 4
1721782529 4
259989161879 5
223583611637 5
2485261 3
3995293 3
671744027 4
6008669 3
4121129 3
97716089719 5
4121129 3
7518701 3
17014694527 5
5227384735 5
4897987 3
163 1
24613 2
163 1
2354867 3
6026863 3
1237303 3
880905461 4
1901629 3
2868559 3
33233 2
1960747 3
1412072341 4
6015173 3
789463374365 6
25090915 4
4433683 3
412460107 4
1901629 3
2159477 3
32231 2
1593821447 4
6015173 3
6015173 3
5547907 3
4222261 3
9853 2
39913 2
1487803 3
39913 2
17201 2
195867787 4
33233 2
33233 2
4866881 3
407391991 4
33233 2
4353523 3
7942687 3
7942687 3
5833811 3
18203 2
25217 2
122377529359 5
789463374365 6
2690669 3
25777 2
49618591391 5
2306609 3
24047 2
4641071 3
5506763 3
7792734135751 6
130249541479 5
3892327 3
25777 2
25777 2
25777 2
5442407 3
49618591391 5
8228053 3
1969951 3
553760371 4
13667 2
1790377 3
2063717 3
2063717 3
336385871 4
13667 2
155626129 4
2063717 3
13667 2
206221363 4
1079693 3
1079693 3
1079693 3
199098607 4
2940827 3
15397 2
519299117 4
18857 2
18857 2
18857 2
18857 2
19549 2
2560919 3
2560919 3
2560919 3
2951899 3
22663 2
158641 3
1065161 3
2968853 3
2968853 3
3422113 3
3422113 3
4328633 3
567050923 4
653623583 4
4785353 3
722588303 4
4785353 3
1086275131 4
1086275131 4
4785353 3
26123 2
3422113 3
3944573 3
3944573 3
895418071 4
26123 2
182861 3
3422113 3
3944573 3
3944573 3
4989493 3
26123 2
26123 2
31313 2
4989493 3
7979971 3
1114825321 4
840033851 4
802905283 4
802905283 4
34427 2
1202638391 4
1180054279 4
51354652619 5
1588014229 4
34427 2
2031193 3
1001636611 4
41347 2
5416457 3
2035347422 5
6243397 3
6243397 3
116023775353 5
41693 2
5461783 3
6295643 3
6295643 3
385914035291 5
6295643 3
6295643 3
354765737 4
5461783 3
25777 2
51035 3
10207 2
2971621 3
22663 2
234539387 4
22663 2
22663 2
24047 2
26123 2
28199 2
28199 2
1185218329 4
387957863 4
33389 2
33389 2
33389 2
33389 2
34427 2
34427 2
485821541 4
5506763 3
5506763 3
8046749 3
8046749 3
5747233 3
10207 2
11591 2
11591 2
1518421 3
1750241 3
14359 2
1881029 3
555662333 4
3064003 3
2968853 3
3944573 3
26123 2
404207407 4
404207407 4
8046749 3
173 1
208926391 4
1949537 3
13667 2
15397 2
2509711 3
22663 2
22663 2
6043409 3
41347 2
207520593 5
2036729 3
199098607 4
199098607 4
199098607 4
75665051347 5
19549 2
3186487 3
17926004479 5
46663227547 5
3583003 3
97927054993 5
3944573 3
693539527 4
33389 2
233723 3
6575557 3
8046749 3
16781 2
27308915 4
1765811 3
17819 2
3403429 3
17819 2
17819 2
17819 2
17819 2
448714771 4
297737759749 5
119982338171 5
7963363 3
38426031151 5
2337403 3
1054124119 4
1250748307 4
5795327 3
10207 2
18511 2
1092149 3
210784757 4
2424941 3
2424941 3
18511 2
18511 2
2439473 3
851827261 4
3639401 3
34427 2
4509937 3
4509937 3
34427 2
6575557 3
34427 2
34427 2
2940827 3
6377299 3
396694709 4
1969951 3
3752543 3
251420381 4
173 1
173 1
1969951 3
22663 2
22663 2
26123 2
1969951 3
4373959 3
572988629 4
7842169 3
170945 3
1383491 3
1383491 3
11993 2
411084061 4
11993 2
2290663 3
1087783 3
142499573 4
1087783 3
1899011 3
1151149 3
173823499 4
229078651 4
229078651 4
389310143 4
1870377623 4
34547 2
34547 2
8256733 3
4525657 3
35621 2
35621 2
1808290399 4
7760903 3
179 1
15931 2
15931 2
23449 2
3822187 3
1253 2
11993 2
1571083 3
1810943 3
4525657 3
864400487 4
113236463797 5
629066323 4
121409800339 5
40633 2
288372401 4
5296789 3
41707 2
179 1
11993 2
19511 2
4525657 3
237233533 4
15931 2
1899011 3
23449 2
5651209 3
32399 2
35621 2
35621 2
18437 2
1151149 3
15931 2
15931 2
719233993 4
907515143 4
19511 2
19511 2
41707 2
42781 2
5806223 3
794131889 4
12641187877891 6
375937 3
105727903403 5
2752829 3
460935143 4
14299 2
3205691 3
3205691 3
3109037 3
874058593 4
4576223 3
4855687 3
4855687 3
25159 2
2922607 3
20458249 4
2922607 3
1267 2
1612529 3
2340511 3
2777758243487 6
1831177 3
14299 2
14299 2
1873169 3
2731109 3
229055681 4
671632537 4
138103 3
143171 3
23711 2
816298597 4
3248407 3
3497101 3
3799009 3
616672249 4
9070525285427 6
5151079 3
5158143339121891 7
27331 2
180023038201 5
353417161 4
27331 2
353417161 4
70889152637 5
34933 2
34933 2
34933 2
34933 2
3109037 3
3854884136642047 7
1797104293 4
1927917337 4
43259 2
535157089 4
5666929 3
77903272963 5
5666929 3
20458249 4
2922607 3
388619489 4
3882269 3
5182524986814361 7
1052089568557421 7
1097460739 4
8680579 3
2491675141 4
47220561299 5
6586771 3
102095430331 5
1297157677 4
1414934377 4
8680579 3
269097949 4
407987213 4
6586771 3
6586771 3
181 1
181 1
12127 2
180095 3
23711 2
4576223 3
27331 2
3580361 3
4126981 3
4126981 3
385394431 4
50486670461 5
27331 2
27331 2
27331 2
27331 2
1783393 3
5773357 3
6519439 3
6519439 3
6519439 3
32761 2
5220221 3
5220221 3
34571 2
34933 2
397782071 4
4576223 3
4576223 3
5274883 3
864347219 4
34933 2
212287841 4
2340511 3
2759707 3
36019 2
6519439 3
195911402459 5
8680579 3
2552281 3
171002827 4
10779569142401 6
1920229 3
135569 3
36019 2
410148353 4
4718489 3
4718489 3
5438869 3
36019 2
36019 2
36019 2
36019 2
2413273 3
36019 2
1015956439 4
43259 2
1093717297 4
18643 2
682051259 4
3768239 3
43621 2
29903915 4
219191 3
43621 2
37345541579 5
367645933 4
367645933 4
367645933 4
1932899 3
1398949 3
1398949 3
25473462341 5
1843241856734783 7
9650480925313 6
80154557479 5
877224157078481 7
169304262316146833 8
539635391 4
17557 2
552325663 4
3177817 3
4196123 3
17557 2
242018177 4
3497101 3
3497101 3
1437626347 4
356561131 4
278390851 4
7167781 3
235280034071 5
980378717 4
980378717 4
1558145921 4
1558145921 4
171024811079 5
1911079631 4
19729 2
1398949 3
181 1
181 1
715493 3
3598099 3
3926071 3
70267536373 5
34933 2
34933 2
34933 2
181 1
3926071 3
986348459 4
2488207 3
18643 2
25159 2
31156435 4
2759707 3
2759707 3
36019 2
43621 2
10679 2
10679 2
2239151 3
23711 2
27331 2
5438869 3
2125121 3
7829879 3
60499852223 5
11269 2
1701619 3
26549 2
1418761943 4
46031 2
46031 2
46031 2
46031 2
46031 2
191 1
890251 3
4829053 3
26549 2
6026623 3
28841 2
28841 2
1476239 3
12797 2
5679767 3
43357 2
2037779 3
322257882977 5
41447 3
1415119 3
43868689 4
11269 2
3280807 3
26167 2
831803281 4
31133 2
191 1
136138413533 5
12797 2
2566849 3
120641903 4
28841 2
33539483837 5
2653171 3
11773 2
134059151 4
1542263 3
1777723 3
11773 2
2248643 3
11773 2
11773 2
478686899 4
15247 2
1997357 3
2250187 3
19879 2
484852091 4
814896373 4
1611354491 4
1611354491 4
1175317697 4
1919403721 4
2813747 3
2105651423 4
11024353 3
46513 2
529643531 4
6093203 3
6093203 3
6093203 3
7023463 3
7023463 3
46513 2
46513 2
46513 2
3116371 3
46513 2
3116371 3
3116371 3
3116371 3
2607623 3
11773 2
17177 2
386465323 4
2593727 3
339778237 4
20046915983 5
339778237 4
84926403161 5
17177 2
3280807 3
15013704451961 6
3280807 3
3280807 3
24511 2
25283 2
873451801 4
286178227399 5
5739241 3
170742301441 5
2721493 3
6042637 3
6042637 3
46513 2
6093203 3
9256087 3
239548319 4
5789807 3
625373461 4
755580911 4
49573079899531 6
3899179 3
5789807 3
5789807 3
155323152389 5
5789807 3
29143 2
11387 2
11773 2
15247 2
975229 3
6008669 3
6008669 3
5799457 3
19879 2
31459 2
101012992919 5
246995417 4
31459 2
221188229 4
38407 2
193 1
5983 2
5983 2
11387 2
2197691 3
11387 2
17177 2
222115787 4
17177 2
19879 2
21037 2
25283 2
29143 2
2759707 3
162822713 4
8348987 3
38407 2
6673747 3
6673747 3
4879619 3
422477 3
2266013 3
62884455511 5
522509723 4
522509723 4
23828857 4
13333 2
1746623 3
1746623 3
1746623 3
2013283 3
159902669 4
13333 2
93331 3
413323 3
151822871 4
1746623 3
337098239 4
2013283 3
2013283 3
2546603 3
13333 2
13333 2
13333 2
893311 3
893311 3
1279769 3
1279769 3
244435879 4
244435879 4
244435879 4
1279769 3
1279769 3
1279769 3
27661 2
38009 2
45173 2
3026591 3
47959 2
199 1
150245 3
166165 3
6169 2
413323 3
12139 2
12139 2
1746623 3
21293 2
26069 2
30049 2
30049 2
38009 2
39601 2
69138158269 5
3128479 3
47561 2
6169 2
12139 2
38009 2
2266013 3
4268351 3
199 1
4186363 3
39601 2
1177614937 4
13333 2
199 1
13333 2
2266013 3
1772891 3
26069 2
26069 2
26069 2
30049 2
30049 2
30049 2
269366599 4
199 1
2336459 3
13333 2
13333 2
47959 2
47959 2
20497 2
2685107 3
3095047 3
3095047 3
20497 2
20497 2
47959 2
227 1
1754483 3
2665207 3
1754483 3
4868923 3
34277 2
3736193 3
919549079 4
1092252041 4
2935337 3
1377505462 5
840163547 4
10207963 3
10207963 3
1609107433 4
54707 2
361317250423 5
54707 2
54707 2
54707 2
54707 2
227 1
165456578789 5
31553 2
31553 2
8843239 3
8843239 3
4512533 3
45173 2
45173 2
45173 2
45173 2
1613321461 4
12469361572069 6
514384951 4
434428741 4
3200927 3
23462625260869 6
439555763 4
3461069 3
3461069 3
3858773 3
7225637 3
1081542181 4
218494246213 5
381151387 4
381151387 4
381151387 4
1197398441 4
508652747 4
508652747 4
2722411 3
546066887 4
1371678599 4
907369621 4
8628043 3
1263027319 4
38785270103213 6
7162531 3
12418489 3
1005794551 4
3040211 3
10344617 3
116573488973 5
12112039 3
137919788093 5
108875118571 5
11800141 3
2820233699 4
10470829 3
55059145327 5
227 1
1459837 3
4725913 3
227 1
227 1
15209 2
271048801795 6
45173 2
54253 2
54253 2
45173 2
227 1
23381 2
335106253 4
457782760007 5
5739241 3
1769941 3
2688689 3
3338591 3
3053257 3
1514940569 4
5506763 3
5506763 3
7646081 3
7646081 3
8530021 3
4552291 3
51983 2
10651477 3
10651477 3
1004936501 4
29999 2
29999 2
874260857 4
31831 2
927650833 4
41449 2
8248351 3
6079721 3
503271239 4
37239555418199 6
849745033 4
55189 2
1202479 3
338058731 4
2607623 3
260766013693 5
1075372321 4
892911991 4
10032719 3
114242571253 5
17369421 4
17369421 4
44197 2
229 1
44197 2
6776339 3
7916759 3
7999657 3
71303968611817 6
1452403 3
1847231 3
70155986149 5
2784589 3
258722041 4
2097703 3
16969 2
763078961 4
19292925370963 6
3241079 3
5415023 3
1647426761 4
443603359 4
954875027 4
6160703 3
807052093 4
807052093 4
9711287 3
8513419 3
1115257889 4
1466404337 4
80531699363 5
1015570033 4
7541167 3
137317109903 5
1220638247 4
1068294389 4
1516505429 4
11024353 3
85207224337 5
650436827 4
441488209 4
3667431530917 7
333402866447 6
1847231 3
1847231 3
1847231 3
14101 2
14101 2
14101 2
1909849 3
18881 2
132167 3
2851031 3
10441193 4
21271 2
1425157 3
21271 2
21271 2
280313779 4
1537009 3
1537009 3
4101479 3
4101479 3
117946231603 5
4101479 3
6042637 3
1516505429 4
33221 2
10235065703627 6
5449439 3
5882507 3
5882507 3
5882507 3
38957 2
7703209 3
7942687 3
1040491997 4
5547907 3
41347 2
202476259 4
2439473 3
9881933 3
702857653 4
3679883 3
553201111 4
42781 2
4196123 3
47781252601 5
549692113 4
112569391721 5
633614573 4
4196123 3
4196123 3
8262469 3
67484861921 5
67484861921 5
172715494069 5
659569973 4
3850051 3
121480659203 5
5327561483007523 7
855706279 4
153171423941 5
923709427 4
2012105867 4
5666929 3
62558959591 5
594681473 4
1148483191 4
5666929 3
168378173693 5
1182311729 4
235280034071 5
525248149 4
525248149 4
525248149 4
20620503421327 6
1237449029 4
6965177 3
1202484763 4
1545208373 4
525248149 4
4821677312579 6
18280695755401 6
1299889691 4
130520082787 5
8608541 3
54253 2
10796347 3
2062102277 4
7482851 3
7545469 3
10425419 3
737094403 4
11001409 3
11116607 3
7545469 3
57599 2
286795731221 5
774072961 4
239 1
11777225578091 6
57121 2
7939819 3
26047804331 5
285605 3
29417315 4
39899855 4
55121765 4
2721493 3
31309 2
32743 2
2225807 3
6411653 3
35611 2
872861221 4
8083697 3
39913 2
5416457 3
43259 2
6532109 3
6532109 3
227153009 4
6532109 3
1247632819 4
16766937454541 6
2131677829634471 7
8810257 3
45649 2
45649 2
46127 2
46127 2
46127 2
8302330784929 6
47561 2
9964627 3
9964627 3
239 1
3186587 3
132167 3
6801701 3
57599 2
831959 3
1909849 3
1909849 3
318322427 4
3933701 3
1045376201 4
189213092381 5
1429224541 4
10910111 3
46127 2
7703209 3
2262048721 4
99102616515731 6
423720949 4
11116607 3
239 1
78631 3
1341029 3
636984473 4
3211921 3
5158337 3
35611 2
35611 2
36089 2
868287 4
43259 2
2033173 3
509288207 4
2105651423 4
4105303 3
6411653 3
5262541 3
35611 2
6872923 3
410945443 4
4727659 3
5449439 3
57345421 4
252623 3
36089 2
186636714923 5
319570963 4
9964627 3
634107869 4
3090509 3
10563083 3
696625967 4
8083697 3
10891469 3
14579 2
133998457 4
23183 2
3036973 3
6042637 3
1151130833 4
4105303 3
6042637 3
277990039121 5
239 1
55782442021 5
3200927 3
1455445231 4
13080709 3
8264381 3
1537009 3
2129251 3
36089 2
6345211 3
18881 2
7409 2
2721493 3
18881 2
214997947 4
2473411 3
2473411 3
2851031 3
2851031 3
5184149 3
36089 2
6892999 3
43259 2
1895220049 4
738631651 4
10891469 3
239 1
429580751 4
10470829 3
2806099 3
2806099 3
6900484297643 6
1649339 3
605996689 4
1452403 3
4012571 3
3717167 3
63346162973 5
6042637 3
6515857 3
4944193 3
4944193 3
381750637 4
6319399 3
934929043 4
971236967 4
347067913 4
2552281 3
355736921 4
10362323 3
476178581 4
7541167 3
1434503573 4
339293541989 5
617778911 4
1078495387 4
14101 2
14101 2
14101 2
14101 2
5980019 3
57599 2
3116371 3
2922607 3
241 1
14219 2
109898651 4
4139657 3
4139657 3
24823 2
282659501 4
3748273 3
2863321 3
6030061 3
1163801773 4
36391 2
5272357 3
43621 2
6586771 3
7895401 3
8680579 3
380304846569 5
8680579 3
581598793 4
10425419 3
8418853 3
8418853 3
8418853 3
43621 2
9989209 3
1097460739 4
46513 2
2744267 3
359498977 4
46513 2
283251564977 5
10651477 3
47959 2
47959 2
2829581 3
54707 2
10886693 3
241 1
241 1
14219 2
1978616507 5
382949 3
21449 2
33017 2
6306247 3
33017 2
41693 2
46513 2
47959 2
753963439 4
6282629 3
2829581 3
6282629 3
9160169 3
54707 2
1710859 3
11462201 3
33499 2
33499 2
33499 2
3398341 3
57599 2
23319339853721 6
31571 2
1034297531 4
1456275517 4
13766161 3
13766161 3
241 1
723 2
1687 2
7471 2
2573639 3
241 1
241 1
6398309 3
59510672009 5
82736533679 5
59510672009 5
1383157081 4
35117315 4
241 1
241 1
11093471 3
99071258701 5
206692400897 5
13333 2
2956669 3
1960039 3